1.000000000000000000e+00 -0.000000000000000000e+00 0.000000000000000000e+00 -8.000000000000000000e+00 0.000000000000000000e+00 1.000000000000000000e+00 0.000000000000000000e+00 5.000000000000000000e+00 0.000000000000000000e+00 0.000000000000000000e+00 1.000000000000000000e+00 0.000000000000000000e+00
1.000000000000000000e+00 -0.000000000000000000e+00 0.000000000000000000e+00 -8.000000000000000000e+00 0.000000000000000000e+00 1.000000000000000000e+00 0.000000000000000000e+00 4.549999999999999822e+00 0.000000000000000000e+00 0.000000000000000000e+00 1.000000000000000000e+00 0.000000000000000000e+00
1.000000000000000000e+00 -0.000000000000000000e+00 0.000000000000000000e+00 -8.000000000000000000e+00 0.000000000000000000e+00 1.000000000000000000e+00 0.000000000000000000e+00 4.099999999999999645e+00 0.000000000000000000e+00 0.000000000000000000e+00 1.000000000000000000e+00 0.000000000000000000e+00
1.000000000000000000e+00 -0.000000000000000000e+00 0.000000000000000000e+00 -8.000000000000000000e+00 0.000000000000000000e+00 1.000000000000000000e+00 0.000000000000000000e+00 3.649999999999999467e+00 0.000000000000000000e+00 0.000000000000000000e+00 1.000000000000000000e+00 0.000000000000000000e+00
1.000000000000000000e+00 -0.000000000000000000e+00 0.000000000000000000e+00 -8.000000000000000000e+00 0.000000000000000000e+00 1.000000000000000000e+00 0.000000000000000000e+00 3.199999999999999289e+00 0.000000000000000000e+00 0.000000000000000000e+00 1.000000000000000000e+00 0.000000000000000000e+00
9.952141820139109862e-01 -9.771761314308763380e-02 0.000000000000000000e+00 -7.959984279163277776e+00 9.771761314308763380e-02 9.952141820139109862e-01 0.000000000000000000e+00 2.573594765403232731e+00 0.000000000000000000e+00 0.000000000000000000e+00 1.000000000000000000e+00 0.000000000000000000e+00
9.999999893404781792e-01 -1.460104224139875705e-04 0.000000000000000000e+00 -7.708251860022370394e+00 1.460104224139875705e-04 9.999999893404781792e-01 0.000000000000000000e+00 1.920980845194966369e+00 0.000000000000000000e+00 0.000000000000000000e+00 1.000000000000000000e+00 0.000000000000000000e+00
9.999482262332307636e-01 1.017569914136140161e-02 0.000000000000000000e+00 -7.723308003719597359e+00 -1.017569914136140161e-02 9.999482262332307636e-01 0.000000000000000000e+00 1.375969799278949468e+00 0.000000000000000000e+00 0.000000000000000000e+00 1.000000000000000000e+00 0.000000000000000000e+00
9.908674536475726713e-01 -1.348394945925538435e-01 0.000000000000000000e+00 -7.713901269667309712e+00 1.348394945925538435e-01 9.908674536475726713e-01 0.000000000000000000e+00 8.847887986989280140e-01 0.000000000000000000e+00 0.000000000000000000e+00 1.000000000000000000e+00 0.000000000000000000e+00
9.839084729039053734e-01 -1.786732127318051977e-01 0.000000000000000000e+00 -7.630905321501715299e+00 1.786732127318051977e-01 9.839084729039053734e-01 0.000000000000000000e+00 3.651303530457492563e-01 0.000000000000000000e+00 0.000000000000000000e+00 1.000000000000000000e+00 0.000000000000000000e+00
9.873667885281094403e-01 -1.584513329438654028e-01 0.000000000000000000e+00 -7.397536803437776420e+00 1.584513329438654028e-01 9.873667885281094403e-01 0.000000000000000000e+00 -8.376376874277116635e-02 0.000000000000000000e+00 0.000000000000000000e+00 1.000000000000000000e+00 0.000000000000000000e+00
9.953785555125916895e-01 9.602880414576832335e-02 0.000000000000000000e+00 -7.405603680871199579e+00 -9.602880414576832335e-02 9.953785555125916895e-01 0.000000000000000000e+00 -5.725233495329165034e-01 0.000000000000000000e+00 0.000000000000000000e+00 1.000000000000000000e+00 0.000000000000000000e+00
9.855181155228200929e-01 1.695701741944890262e-01 0.000000000000000000e+00 -7.369049138450195713e+00 -1.695701741944890262e-01 9.855181155228200929e-01 0.000000000000000000e+00 -1.093804570295821454e+00 0.000000000000000000e+00 0.000000000000000000e+00 1.000000000000000000e+00 0.000000000000000000e+00
9.862837232123652376e-01 1.650588298951454758e-01 0.000000000000000000e+00 -7.627174357425712259e+00 -1.650588298951454758e-01 9.862837232123652376e-01 0.000000000000000000e+00 -1.736314448175818370e+00 0.000000000000000000e+00 0.000000000000000000e+00 1.000000000000000000e+00 0.000000000000000000e+00
9.998217444490972161e-01 1.888066012522073012e-02 0.000000000000000000e+00 -7.547185677112475233e+00 -1.888066012522073012e-02 9.998217444490972161e-01 0.000000000000000000e+00 -2.186980359529473006e+00 0.000000000000000000e+00 0.000000000000000000e+00 1.000000000000000000e+00 0.000000000000000000e+00
9.942102193523523201e-01 1.074524999027361843e-01 0.000000000000000000e+00 -7.518165014133620261e+00 -1.074524999027361843e-01 9.942102193523523201e-01 0.000000000000000000e+00 -2.653106120877856355e+00 0.000000000000000000e+00 0.000000000000000000e+00 1.000000000000000000e+00 0.000000000000000000e+00
9.957686447962091902e-01 9.189562579753683680e-02 0.000000000000000000e+00 -7.579824267288623574e+00 -9.189562579753683680e-02 9.957686447962091902e-01 0.000000000000000000e+00 -2.899829507450724986e+00 0.000000000000000000e+00 0.000000000000000000e+00 1.000000000000000000e+00 0.000000000000000000e+00
9.914633277158437785e-01 1.303858496717541227e-01 0.000000000000000000e+00 -7.512753916843918134e+00 -1.303858496717541227e-01 9.914633277158437785e-01 0.000000000000000000e+00 -3.481483230859423461e+00 0.000000000000000000e+00 0.000000000000000000e+00 1.000000000000000000e+00 0.000000000000000000e+00
9.630310651357433249e-01 2.693903628259846639e-01 0.000000000000000000e+00 -7.671446130300193289e+00 -2.693903628259846639e-01 9.630310651357433249e-01 0.000000000000000000e+00 -3.883997872297634935e+00 0.000000000000000000e+00 0.000000000000000000e+00 1.000000000000000000e+00 0.000000000000000000e+00
9.480570258991204424e-01 3.181004175465891870e-01 0.000000000000000000e+00 -7.558840788327656490e+00 -3.181004175465891870e-01 9.480570258991204424e-01 0.000000000000000000e+00 -4.205594740851370972e+00 0.000000000000000000e+00 0.000000000000000000e+00 1.000000000000000000e+00 0.000000000000000000e+00
9.699000992465987014e-01 2.435031775592218783e-01 0.000000000000000000e+00 -7.663677770812676648e+00 -2.435031775592218783e-01 9.699000992465987014e-01 0.000000000000000000e+00 -4.124211326187306348e+00 0.000000000000000000e+00 0.000000000000000000e+00 1.000000000000000000e+00 0.000000000000000000e+00
9.682035657047609600e-01 2.501636571458505931e-01 0.000000000000000000e+00 -7.712140358686177422e+00 -2.501636571458505931e-01 9.682035657047609600e-01 0.000000000000000000e+00 -4.369902503032430552e+00 0.000000000000000000e+00 0.000000000000000000e+00 1.000000000000000000e+00 0.000000000000000000e+00
9.789457066980251643e-01 2.041208057438145540e-01 0.000000000000000000e+00 -7.807358915110404141e+00 -2.041208057438145540e-01 9.789457066980251643e-01 0.000000000000000000e+00 -4.805901084949020685e+00 0.000000000000000000e+00 0.000000000000000000e+00 1.000000000000000000e+00 0.000000000000000000e+00
9.994366873318905053e-01 3.356051273531063944e-02 0.000000000000000000e+00 -7.781453918926290569e+00 -3.356051273531063944e-02 9.994366873318905053e-01 0.000000000000000000e+00 -5.224448178243116025e+00 0.000000000000000000e+00 0.000000000000000000e+00 1.000000000000000000e+00 0.000000000000000000e+00
9.954427628854168875e-01 -9.536092396284556738e-02 0.000000000000000000e+00 -7.791611256810564434e+00 9.536092396284556738e-02 9.954427628854168875e-01 0.000000000000000000e+00 -5.661866239856206739e+00 0.000000000000000000e+00 0.000000000000000000e+00 1.000000000000000000e+00 0.000000000000000000e+00
9.839262275042210959e-01 -1.785754149632916288e-01 0.000000000000000000e+00 -7.727327305307353456e+00 1.785754149632916288e-01 9.839262275042210959e-01 0.000000000000000000e+00 -5.997283950277268794e+00 0.000000000000000000e+00 0.000000000000000000e+00 1.000000000000000000e+00 0.000000000000000000e+00
9.539348102083491376e-01 -3.000139627963351874e-01 0.000000000000000000e+00 -7.601101280445798913e+00 3.000139627963351874e-01 9.539348102083491376e-01 0.000000000000000000e+00 -6.212845059677890802e+00 0.000000000000000000e+00 0.000000000000000000e+00 1.000000000000000000e+00 0.000000000000000000e+00
9.289150040227082128e-01 -3.702930127635302715e-01 0.000000000000000000e+00 -7.418847852723352787e+00 3.702930127635302715e-01 9.289150040227082128e-01 0.000000000000000000e+00 -6.411566129882817933e+00 0.000000000000000000e+00 0.000000000000000000e+00 1.000000000000000000e+00 0.000000000000000000e+00
8.485435445914031316e-01 -5.291255549793993929e-01 0.000000000000000000e+00 -7.135260928783411671e+00 5.291255549793993929e-01 8.485435445914031316e-01 0.000000000000000000e+00 -6.742543276309877598e+00 0.000000000000000000e+00 0.000000000000000000e+00 1.000000000000000000e+00 0.000000000000000000e+00
7.226617246445213860e-01 -6.912018748048980310e-01 0.000000000000000000e+00 -6.906590667152265439e+00 6.912018748048980310e-01 7.226617246445213860e-01 0.000000000000000000e+00 -7.214186889750298093e+00 0.000000000000000000e+00 0.000000000000000000e+00 1.000000000000000000e+00 0.000000000000000000e+00
-6.443579915961937798e-01 7.647239885515031421e-01 0.000000000000000000e+00 -6.686238968605699107e+00 -7.647239885515031421e-01 -6.443579915961937798e-01 0.000000000000000000e+00 -7.472228559270066128e+00 0.000000000000000000e+00 0.000000000000000000e+00 1.000000000000000000e+00 0.000000000000000000e+00
-6.062617271301518063e-01 7.952651873539828831e-01 0.000000000000000000e+00 -6.310796336885040603e+00 -7.952651873539828831e-01 -6.062617271301518063e-01 0.000000000000000000e+00 -7.707052403399607066e+00 0.000000000000000000e+00 0.000000000000000000e+00 1.000000000000000000e+00 0.000000000000000000e+00
-5.968976988484417934e-01 8.023173543613741909e-01 0.000000000000000000e+00 -6.045581413555132677e+00 -8.023173543613741909e-01 -5.968976988484417934e-01 0.000000000000000000e+00 -7.882333977395292735e+00 0.000000000000000000e+00 0.000000000000000000e+00 1.000000000000000000e+00 0.000000000000000000e+00
-3.489063904436620622e-01 9.371575805101162171e-01 0.000000000000000000e+00 -5.910830090539092474e+00 -9.371575805101162171e-01 -3.489063904436620622e-01 0.000000000000000000e+00 -8.134180835077442495e+00 0.000000000000000000e+00 0.000000000000000000e+00 1.000000000000000000e+00 0.000000000000000000e+00
-8.550721048693848969e-02 9.963375517136461301e-01 0.000000000000000000e+00 -5.451225364637489079e+00 -9.963375517136461301e-01 -8.550721048693848969e-02 0.000000000000000000e+00 -8.118519857479379098e+00 0.000000000000000000e+00 0.000000000000000000e+00 1.000000000000000000e+00 0.000000000000000000e+00
1.003933168600109477e-01 9.949478287477416805e-01 0.000000000000000000e+00 -5.009923233769094431e+00 -9.949478287477416805e-01 1.003933168600109477e-01 0.000000000000000000e+00 -8.210876562698535608e+00 0.000000000000000000e+00 0.000000000000000000e+00 1.000000000000000000e+00 0.000000000000000000e+00
3.302486810535406603e-01 9.438939604968329400e-01 0.000000000000000000e+00 -4.705131049135222732e+00 -9.438939604968329400e-01 3.302486810535406603e-01 0.000000000000000000e+00 -8.147634024244528206e+00 0.000000000000000000e+00 0.000000000000000000e+00 1.000000000000000000e+00 0.000000000000000000e+00
4.921912338633561146e-01 8.704870988751454153e-01 0.000000000000000000e+00 -4.285172581949439063e+00 -8.704870988751454153e-01 4.921912338633561146e-01 0.000000000000000000e+00 -8.117901607958737387e+00 0.000000000000000000e+00 0.000000000000000000e+00 1.000000000000000000e+00 0.000000000000000000e+00
5.185688350793244972e-01 8.550358842086526190e-01 0.000000000000000000e+00 -3.906408569942249720e+00 -8.550358842086526190e-01 5.185688350793244972e-01 0.000000000000000000e+00 -8.042001776173805183e+00 0.000000000000000000e+00 0.000000000000000000e+00 1.000000000000000000e+00 0.000000000000000000e+00
5.590262458395206524e-01 8.291499601776338713e-01 0.000000000000000000e+00 -3.434523391564728634e+00 -8.291499601776338713e-01 5.590262458395206524e-01 0.000000000000000000e+00 -7.789701436411299085e+00 0.000000000000000000e+00 0.000000000000000000e+00 1.000000000000000000e+00 0.000000000000000000e+00
-5.655821176977781084e-01 -8.246919837978883283e-01 0.000000000000000000e+00 -3.618801121035088997e+00 8.246919837978883283e-01 -5.655821176977781084e-01 0.000000000000000000e+00 -7.864059745743501750e+00 0.000000000000000000e+00 0.000000000000000000e+00 1.000000000000000000e+00 0.000000000000000000e+00
7.088699922324263047e-01 7.053391624689500095e-01 0.000000000000000000e+00 -3.131606910783736542e+00 -7.053391624689500095e-01 7.088699922324263047e-01 0.000000000000000000e+00 -7.350413656500911941e+00 0.000000000000000000e+00 0.000000000000000000e+00 1.000000000000000000e+00 0.000000000000000000e+00
8.298848881900564578e-01 5.579346488198932974e-01 0.000000000000000000e+00 -2.903893912059512861e+00 -5.579346488198932974e-01 8.298848881900564578e-01 0.000000000000000000e+00 -6.999459827032765702e+00 0.000000000000000000e+00 0.000000000000000000e+00 1.000000000000000000e+00 0.000000000000000000e+00
8.789359178705178355e-01 4.769398832946458167e-01 0.000000000000000000e+00 -2.543379107353846980e+00 -4.769398832946458167e-01 8.789359178705178355e-01 0.000000000000000000e+00 -6.607048010922277115e+00 0.000000000000000000e+00 0.000000000000000000e+00 1.000000000000000000e+00 0.000000000000000000e+00
9.191224405418828569e-01 3.939720031833898739e-01 0.000000000000000000e+00 -2.243542474633652528e+00 -3.939720031833898739e-01 9.191224405418828569e-01 0.000000000000000000e+00 -6.183243552464669612e+00 0.000000000000000000e+00 0.000000000000000000e+00 1.000000000000000000e+00 0.000000000000000000e+00
9.304617168238642488e-01 3.663891285575855972e-01 0.000000000000000000e+00 -2.162434978875374725e+00 -3.663891285575855972e-01 9.304617168238642488e-01 0.000000000000000000e+00 -5.714967134304745677e+00 0.000000000000000000e+00 0.000000000000000000e+00 1.000000000000000000e+00 0.000000000000000000e+00
9.248753089779317982e-01 3.802705127182163247e-01 0.000000000000000000e+00 -2.092464632200038199e+00 -3.802705127182163247e-01 9.248753089779317982e-01 0.000000000000000000e+00 -5.347703194467943177e+00 0.000000000000000000e+00 0.000000000000000000e+00 1.000000000000000000e+00 0.000000000000000000e+00
9.483321024140136668e-01 3.172794092452528858e-01 0.000000000000000000e+00 -1.714747933192594331e+00 -3.172794092452528858e-01 9.483321024140136668e-01 0.000000000000000000e+00 -4.915341309036841189e+00 0.000000000000000000e+00 0.000000000000000000e+00 1.000000000000000000e+00 0.000000000000000000e+00
9.640545862066908223e-01 2.657042619414413109e-01 0.000000000000000000e+00 -1.642049766595331306e+00 -2.657042619414413109e-01 9.640545862066908223e-01 0.000000000000000000e+00 -4.455388320084591847e+00 0.000000000000000000e+00 0.000000000000000000e+00 1.000000000000000000e+00 0.000000000000000000e+00
9.452230858557766346e-01 3.264250571958028924e-01 0.000000000000000000e+00 -1.488211689865722498e+00 -3.264250571958028924e-01 9.452230858557766346e-01 0.000000000000000000e+00 -3.909197429067022611e+00 0.000000000000000000e+00 0.000000000000000000e+00 1.000000000000000000e+00 0.000000000000000000e+00
9.382191331776129628e-01 3.460417000008069732e-01 0.000000000000000000e+00 -1.292578943871339092e+00 -3.460417000008069732e-01 9.382191331776129628e-01 0.000000000000000000e+00 -3.519345291810837217e+00 0.000000000000000000e+00 0.000000000000000000e+00 1.000000000000000000e+00 0.000000000000000000e+00
8.763934837203606332e-01 4.815957450938391227e-01 0.000000000000000000e+00 -1.235814699600147559e+00 -4.815957450938391227e-01 8.763934837203606332e-01 0.000000000000000000e+00 -3.049565346421968304e+00 0.000000000000000000e+00 0.000000000000000000e+00 1.000000000000000000e+00 0.000000000000000000e+00
9.051892766781184374e-01 4.250086744843507569e-01 0.000000000000000000e+00 -1.001570587903744647e+00 -4.250086744843507569e-01 9.051892766781184374e-01 0.000000000000000000e+00 -2.657903531559825172e+00 0.000000000000000000e+00 0.000000000000000000e+00 1.000000000000000000e+00 0.000000000000000000e+00
8.626787933944324305e-01 5.057522114904948740e-01 0.000000000000000000e+00 -8.048587004818752444e-01 -5.057522114904948740e-01 8.626787933944324305e-01 0.000000000000000000e+00 -2.461169800202944291e+00 0.000000000000000000e+00 0.000000000000000000e+00 1.000000000000000000e+00 0.000000000000000000e+00
8.384234887181822860e-01 5.450193148555674272e-01 0.000000000000000000e+00 -7.219964822460530618e-01 -5.450193148555674272e-01 8.384234887181822860e-01 0.000000000000000000e+00 -2.059640721569080846e+00 0.000000000000000000e+00 0.000000000000000000e+00 1.000000000000000000e+00 0.000000000000000000e+00
7.955463010472270113e-01 6.058927981830407594e-01 0.000000000000000000e+00 -3.021168473148854727e-01 -6.058927981830407594e-01 7.955463010472270113e-01 0.000000000000000000e+00 -1.728087928355400704e+00 0.000000000000000000e+00 0.000000000000000000e+00 1.000000000000000000e+00 0.000000000000000000e+00
7.536257475618889368e-01 6.573037597730475579e-01 0.000000000000000000e+00 4.307051348453472261e-02 -6.573037597730475579e-01 7.536257475618889368e-01 0.000000000000000000e+00 -1.258602598033250919e+00 0.000000000000000000e+00 0.000000000000000000e+00 1.000000000000000000e+00 0.000000000000000000e+00
6.734116131858486343e-01 7.392677452901843527e-01 0.000000000000000000e+00 2.162817715908577909e-01 -7.392677452901843527e-01 6.734116131858486343e-01 0.000000000000000000e+00 -8.957116040805999102e-01 0.000000000000000000e+00 0.000000000000000000e+00 1.000000000000000000e+00 0.000000000000000000e+00
8.026751834554005649e-01 5.964164232018087652e-01 0.000000000000000000e+00 5.847441843640959203e-01 -5.964164232018087652e-01 8.026751834554005649e-01 0.000000000000000000e+00 -4.927045545355660527e-01 0.000000000000000000e+00 0.000000000000000000e+00 1.000000000000000000e+00 0.000000000000000000e+00
7.237516657945579635e-01 6.900605236206477366e-01 0.000000000000000000e+00 8.333549006610572185e-01 -6.900605236206477366e-01 7.237516657945579635e-01 0.000000000000000000e+00 -1.727963146688001883e-01 0.000000000000000000e+00 0.000000000000000000e+00 1.000000000000000000e+00 0.000000000000000000e+00
-7.932022983877919931e-01 6.089582201040759646e-01 0.000000000000000000e+00 7.026979925162556428e-01 -6.089582201040759646e-01 -7.932022983877919931e-01 0.000000000000000000e+00 -1.648863131040824714e-01 0.000000000000000000e+00 0.000000000000000000e+00 1.000000000000000000e+00 0.000000000000000000e+00
7.375978358181640715e-01 6.752402776762955749e-01 0.000000000000000000e+00 9.230656492765151322e-01 -6.752402776762955749e-01 7.375978358181640715e-01 0.000000000000000000e+00 1.987766351799633013e-01 0.000000000000000000e+00 0.000000000000000000e+00 1.000000000000000000e+00 0.000000000000000000e+00
8.014706598084921918e-01 5.980340972437443448e-01 0.000000000000000000e+00 1.198612894222635727e+00 -5.980340972437443448e-01 8.014706598084921918e-01 0.000000000000000000e+00 4.775499651278103386e-01 0.000000000000000000e+00 0.000000000000000000e+00 1.000000000000000000e+00 0.000000000000000000e+00
8.493519740216516345e-01 5.278268885018303491e-01 0.000000000000000000e+00 1.511745717579985548e+00 -5.278268885018303491e-01 8.493519740216516345e-01 0.000000000000000000e+00 9.014159457786011798e-01 0.000000000000000000e+00 0.000000000000000000e+00 1.000000000000000000e+00 0.000000000000000000e+00
9.253096153146598279e-01 3.792124942644112817e-01 0.000000000000000000e+00 1.672984154713638816e+00 -3.792124942644112817e-01 9.253096153146598279e-01 0.000000000000000000e+00 1.381081592053410079e+00 0.000000000000000000e+00 0.000000000000000000e+00 1.000000000000000000e+00 0.000000000000000000e+00
9.588252425542427293e-01 2.839967504053482750e-01 0.000000000000000000e+00 1.654400246698062293e+00 -2.839967504053482750e-01 9.588252425542427293e-01 0.000000000000000000e+00 1.884699626344193746e+00 0.000000000000000000e+00 0.000000000000000000e+00 1.000000000000000000e+00 0.000000000000000000e+00
9.602726529616324447e-01 2.790634909371488281e-01 0.000000000000000000e+00 1.830012662006613056e+00 -2.790634909371488281e-01 9.602726529616324447e-01 0.000000000000000000e+00 2.506317520648091879e+00 0.000000000000000000e+00 0.000000000000000000e+00 1.000000000000000000e+00 0.000000000000000000e+00
9.817335367290600523e-01 1.902610387374444045e-01 0.000000000000000000e+00 1.916169144450917683e+00 -1.902610387374444045e-01 9.817335367290600523e-01 0.000000000000000000e+00 3.037365834843354317e+00 0.000000000000000000e+00 0.000000000000000000e+00 1.000000000000000000e+00 0.000000000000000000e+00
9.999998052912218993e-01 -6.240332669791661714e-04 0.000000000000000000e+00 1.771085753139331143e+00 6.240332669791661714e-04 9.999998052912218993e-01 0.000000000000000000e+00 3.339747504029179304e+00 0.000000000000000000e+00 0.000000000000000000e+00 1.000000000000000000e+00 0.000000000000000000e+00
9.762673149671904360e-01 -2.165689953034656556e-01 0.000000000000000000e+00 1.583330685102544821e+00 2.165689953034656556e-01 9.762673149671904360e-01 0.000000000000000000e+00 3.767114671993582409e+00 0.000000000000000000e+00 0.000000000000000000e+00 1.000000000000000000e+00 0.000000000000000000e+00
-8.933744580497526844e-01 4.493128951012986816e-01 0.000000000000000000e+00 1.494232233681683120e+00 -4.493128951012986816e-01 -8.933744580497526844e-01 0.000000000000000000e+00 4.198773740050256720e+00 0.000000000000000000e+00 0.000000000000000000e+00 1.000000000000000000e+00 0.000000000000000000e+00
-8.284707237471782282e-01 5.600323739694220704e-01 0.000000000000000000e+00 1.024181296622994619e+00 -5.600323739694220704e-01 -8.284707237471782282e-01 0.000000000000000000e+00 4.678616892077432254e+00 0.000000000000000000e+00 0.000000000000000000e+00 1.000000000000000000e+00 0.000000000000000000e+00
-6.783378704531145553e-01 7.347501163723171302e-01 0.000000000000000000e+00 6.507231986376317279e-01 -7.347501163723171302e-01 -6.783378704531145553e-01 0.000000000000000000e+00 4.908521727490418485e+00 0.000000000000000000e+00 0.000000000000000000e+00 1.000000000000000000e+00 0.000000000000000000e+00
-5.501832957805683488e-01 8.350439156379929617e-01 0.000000000000000000e+00 3.542217464363069390e-01 -8.350439156379929617e-01 -5.501832957805683488e-01 0.000000000000000000e+00 5.306132794462289581e+00 0.000000000000000000e+00 0.000000000000000000e+00 1.000000000000000000e+00 0.000000000000000000e+00
-4.141891668267549398e-01 9.101908228955939428e-01 0.000000000000000000e+00 7.875350457815455396e-03 -9.101908228955939428e-01 -4.141891668267549398e-01 0.000000000000000000e+00 5.416165991065563290e+00 0.000000000000000000e+00 0.000000000000000000e+00 1.000000000000000000e+00 0.000000000000000000e+00
-1.820510972141896611e-01 9.832890714347992667e-01 0.000000000000000000e+00 -5.028983608008517070e-01 -9.832890714347992667e-01 -1.820510972141896611e-01 0.000000000000000000e+00 5.536092629813427202e+00 0.000000000000000000e+00 0.000000000000000000e+00 1.000000000000000000e+00 0.000000000000000000e+00
-5.869623691871383997e-02 9.982758896074682697e-01 0.000000000000000000e+00 -8.691872755885112767e-01 -9.982758896074682697e-01 -5.869623691871383997e-02 0.000000000000000000e+00 5.628078737133068721e+00 0.000000000000000000e+00 0.000000000000000000e+00 1.000000000000000000e+00 0.000000000000000000e+00
3.264523798634575980e-01 9.452136497541097082e-01 0.000000000000000000e+00 -1.296687948574853033e+00 -9.452136497541097082e-01 3.264523798634575980e-01 0.000000000000000000e+00 5.544433039570535904e+00 0.000000000000000000e+00 0.000000000000000000e+00 1.000000000000000000e+00 0.000000000000000000e+00
4.468996945998500725e-01 8.945840726094784756e-01 0.000000000000000000e+00 -1.701178355056478075e+00 -8.945840726094784756e-01 4.468996945998500725e-01 0.000000000000000000e+00 5.431092160308439887e+00 0.000000000000000000e+00 0.000000000000000000e+00 1.000000000000000000e+00 0.000000000000000000e+00
4.569506438345788957e-01 8.894920511725575851e-01 0.000000000000000000e+00 -1.985508409114189021e+00 -8.894920511725575851e-01 4.569506438345788957e-01 0.000000000000000000e+00 5.156222352533847086e+00 0.000000000000000000e+00 0.000000000000000000e+00 1.000000000000000000e+00 0.000000000000000000e+00
5.484049411209562797e-01 8.362129038433456785e-01 0.000000000000000000e+00 -1.983983936883681576e+00 -8.362129038433456785e-01 5.484049411209562797e-01 0.000000000000000000e+00 5.139410459488163774e+00 0.000000000000000000e+00 0.000000000000000000e+00 1.000000000000000000e+00 0.000000000000000000e+00
4.241739123265232392e-01 9.055807485263868140e-01 0.000000000000000000e+00 -2.407000438762067152e+00 -9.055807485263868140e-01 4.241739123265232392e-01 0.000000000000000000e+00 4.890440172285790865e+00 0.000000000000000000e+00 0.000000000000000000e+00 1.000000000000000000e+00 0.000000000000000000e+00
4.614726703566818244e-01 8.871544254039841482e-01 0.000000000000000000e+00 -2.883422519141107809e+00 -8.871544254039841482e-01 4.614726703566818244e-01 0.000000000000000000e+00 4.727230353181359312e+00 0.000000000000000000e+00 0.000000000000000000e+00 1.000000000000000000e+00 0.000000000000000000e+00
5.884196644850249180e-01 8.085556866705785328e-01 0.000000000000000000e+00 -3.232736059609415236e+00 -8.085556866705785328e-01 5.884196644850249180e-01 0.000000000000000000e+00 4.457470708603497478e+00 0.000000000000000000e+00 0.000000000000000000e+00 1.000000000000000000e+00 0.000000000000000000e+00
6.417620929331588897e-01 7.669037854086075967e-01 0.000000000000000000e+00 -3.484989969013644551e+00 -7.669037854086075967e-01 6.417620929331588897e-01 0.000000000000000000e+00 4.221176490451122199e+00 0.000000000000000000e+00 0.000000000000000000e+00 1.000000000000000000e+00 0.000000000000000000e+00
6.315150731048968513e-01 7.753636001524166765e-01 0.000000000000000000e+00 -3.883397163305517985e+00 -7.753636001524166765e-01 6.315150731048968513e-01 0.000000000000000000e+00 3.939582557125522744e+00 0.000000000000000000e+00 0.000000000000000000e+00 1.000000000000000000e+00 0.000000000000000000e+00
4.933225196353810960e-01 8.698464758913488915e-01 0.000000000000000000e+00 -4.306272157328614902e+00 -8.698464758913488915e-01 4.933225196353810960e-01 0.000000000000000000e+00 3.635014950632780906e+00 0.000000000000000000e+00 0.000000000000000000e+00 1.000000000000000000e+00 0.000000000000000000e+00
4.210193834236304888e-01 9.070516406366211370e-01 0.000000000000000000e+00 -4.831662857730472105e+00 -9.070516406366211370e-01 4.210193834236304888e-01 0.000000000000000000e+00 3.212930210974902501e+00 0.000000000000000000e+00 0.000000000000000000e+00 1.000000000000000000e+00 0.000000000000000000e+00
3.681235807778055480e-01 9.297768706928165594e-01 0.000000000000000000e+00 -5.175591159539556507e+00 -9.297768706928165594e-01 3.681235807778055480e-01 0.000000000000000000e+00 2.995845581618329145e+00 0.000000000000000000e+00 0.000000000000000000e+00 1.000000000000000000e+00 0.000000000000000000e+00
4.314901382924866691e-01 9.021176533891411831e-01 0.000000000000000000e+00 -5.711922147254695936e+00 -9.021176533891411831e-01 4.314901382924866691e-01 0.000000000000000000e+00 2.817842399153744015e+00 0.000000000000000000e+00 0.000000000000000000e+00 1.000000000000000000e+00 0.000000000000000000e+00
3.029699637574800875e-01 9.530001054883421308e-01 0.000000000000000000e+00 -6.302070214653422653e+00 -9.530001054883421308e-01 3.029699637574800875e-01 0.000000000000000000e+00 2.616002503121892531e+00 0.000000000000000000e+00 0.000000000000000000e+00 1.000000000000000000e+00 0.000000000000000000e+00
1.877998184271785220e-01 9.822073244477047549e-01 0.000000000000000000e+00 -6.656873564871180982e+00 -9.822073244477047549e-01 1.877998184271785220e-01 0.000000000000000000e+00 2.439158140674663855e+00 0.000000000000000000e+00 0.000000000000000000e+00 1.000000000000000000e+00 0.000000000000000000e+00
1.826340491146027922e-01 9.831809620329335919e-01 0.000000000000000000e+00 -7.158506486597871366e+00 -9.831809620329335919e-01 1.826340491146027922e-01 0.000000000000000000e+00 2.403956644094744632e+00 0.000000000000000000e+00 0.000000000000000000e+00 1.000000000000000000e+00 0.000000000000000000e+00
2.338678857774063868e-01 9.722683847590674056e-01 0.000000000000000000e+00 -7.505436931536411116e+00 -9.722683847590674056e-01 2.338678857774063868e-01 0.000000000000000000e+00 2.320310626957073463e+00 0.000000000000000000e+00 0.000000000000000000e+00 1.000000000000000000e+00 0.000000000000000000e+00
2.433265530869760107e-01 9.699444255022093841e-01 0.000000000000000000e+00 -8.056052172297947678e+00 -9.699444255022093841e-01 2.433265530869760107e-01 0.000000000000000000e+00 2.219841860724304006e+00 0.000000000000000000e+00 0.000000000000000000e+00 1.000000000000000000e+00 0.000000000000000000e+00
4.271923606278701380e-01 9.041607639248607775e-01 0.000000000000000000e+00 -8.695691428024749925e+00 -9.041607639248607775e-01 4.271923606278701380e-01 0.000000000000000000e+00 2.345228488174194048e+00 0.000000000000000000e+00 0.000000000000000000e+00 1.000000000000000000e+00 0.000000000000000000e+00
3.915264658820000188e-01 9.201668471065185262e-01 0.000000000000000000e+00 -9.256120952088155107e+00 -9.201668471065185262e-01 3.915264658820000188e-01 0.000000000000000000e+00 2.152596425314660333e+00 0.000000000000000000e+00 0.000000000000000000e+00 1.000000000000000000e+00 0.000000000000000000e+00
1.979062523929182582e-01 9.802209522672888919e-01 0.000000000000000000e+00 -9.812190975944067972e+00 -9.802209522672888919e-01 1.979062523929182582e-01 0.000000000000000000e+00 1.928609071316968349e+00 0.000000000000000000e+00 0.000000000000000000e+00 1.000000000000000000e+00 0.000000000000000000e+00
2.967033874082068978e-01 9.549696853306368638e-01 0.000000000000000000e+00 -1.055586608426313155e+01 -9.549696853306368638e-01 2.967033874082068978e-01 0.000000000000000000e+00 1.789738454802175305e+00 0.000000000000000000e+00 0.000000000000000000e+00 1.000000000000000000e+00 0.000000000000000000e+00
3.239229757374170182e-01 9.460834560383226677e-01 0.000000000000000000e+00 -1.096942592102470648e+01 -9.460834560383226677e-01 3.239229757374170182e-01 0.000000000000000000e+00 1.500365593932724506e+00 0.000000000000000000e+00 0.000000000000000000e+00 1.000000000000000000e+00 0.000000000000000000e+00
4.358546320663528317e-01 9.000170774525915185e-01 0.000000000000000000e+00 -1.106088578701171166e+01 -9.000170774525915185e-01 4.358546320663528317e-01 0.000000000000000000e+00 1.579533434978457551e+00 0.000000000000000000e+00 0.000000000000000000e+00 1.000000000000000000e+00 0.000000000000000000e+00
4.536460639498618441e-01 8.911819391475558350e-01 0.000000000000000000e+00 -1.145015135207273538e+01 -8.911819391475558350e-01 4.536460639498618441e-01 0.000000000000000000e+00 1.205460195881884022e+00 0.000000000000000000e+00 0.000000000000000000e+00 1.000000000000000000e+00 0.000000000000000000e+00
5.057039654483824753e-01 8.627070762024506845e-01 0.000000000000000000e+00 -1.166145369266966192e+01 -8.627070762024506845e-01 5.057039654483824753e-01 0.000000000000000000e+00 7.570157869347348134e-01 0.000000000000000000e+00 0.000000000000000000e+00 1.000000000000000000e+00 0.000000000000000000e+00
6.482754142279532061e-01 7.614059280748841640e-01 0.000000000000000000e+00 -1.193457356507744471e+01 -7.614059280748841640e-01 6.482754142279532061e-01 0.000000000000000000e+00 3.800577662668432888e-01 0.000000000000000000e+00 0.000000000000000000e+00 1.000000000000000000e+00 0.000000000000000000e+00
7.880714566561510814e-01 6.155837710692608766e-01 0.000000000000000000e+00 -1.229217535931780603e+01 -6.155837710692608766e-01 7.880714566561510814e-01 0.000000000000000000e+00 3.165364743357310801e-02 0.000000000000000000e+00 0.000000000000000000e+00 1.000000000000000000e+00 0.000000000000000000e+00
8.729416921318333689e-01 4.878245608187551929e-01 0.000000000000000000e+00 -1.229399515238514873e+01 -4.878245608187551929e-01 8.729416921318333689e-01 0.000000000000000000e+00 -3.592673276256536097e-01 0.000000000000000000e+00 0.000000000000000000e+00 1.000000000000000000e+00 0.000000000000000000e+00
9.247869979208778179e-01 3.804852276718379001e-01 0.000000000000000000e+00 -1.235313933546145115e+01 -3.804852276718379001e-01 9.247869979208778179e-01 0.000000000000000000e+00 -7.521650206358265756e-01 0.000000000000000000e+00 0.000000000000000000e+00 1.000000000000000000e+00 0.000000000000000000e+00
9.879192464929591466e-01 1.549695531670136905e-01 0.000000000000000000e+00 -1.252639360934433022e+01 -1.549695531670136905e-01 9.879192464929591466e-01 0.000000000000000000e+00 -1.012224952341003847e+00 0.000000000000000000e+00 0.000000000000000000e+00 1.000000000000000000e+00 0.000000000000000000e+00
9.931019143434858254e-01 -1.172543718899370785e-01 0.000000000000000000e+00 -1.253278145263839782e+01 1.172543718899370785e-01 9.931019143434858254e-01 0.000000000000000000e+00 -1.440295686837282485e+00 0.000000000000000000e+00 0.000000000000000000e+00 1.000000000000000000e+00 0.000000000000000000e+00
9.702866211443077482e-01 -2.419584113610491194e-01 0.000000000000000000e+00 -1.249409267919678612e+01 2.419584113610491194e-01 9.702866211443077482e-01 0.000000000000000000e+00 -1.765164231686859431e+00 0.000000000000000000e+00 0.000000000000000000e+00 1.000000000000000000e+00 0.000000000000000000e+00
-9.282776354762299897e-01 3.718879286487524194e-01 0.000000000000000000e+00 -1.231826049434353187e+01 -3.718879286487524194e-01 -9.282776354762299897e-01 0.000000000000000000e+00 -2.184357546795796967e+00 0.000000000000000000e+00 0.000000000000000000e+00 1.000000000000000000e+00 0.000000000000000000e+00
-8.895539295262198110e-01 4.568301724541200537e-01 0.000000000000000000e+00 -1.207430096246939044e+01 -4.568301724541200537e-01 -8.895539295262198110e-01 0.000000000000000000e+00 -2.567091767845261163e+00 0.000000000000000000e+00 0.000000000000000000e+00 1.000000000000000000e+00 0.000000000000000000e+00
-8.521668004035842792e-01 5.232702402104649764e-01 0.000000000000000000e+00 -1.179535455286309187e+01 -5.232702402104649764e-01 -8.521668004035842792e-01 0.000000000000000000e+00 -3.009689717093891215e+00 0.000000000000000000e+00 0.000000000000000000e+00 1.000000000000000000e+00 0.000000000000000000e+00
-7.646719014687520799e-01 6.444198034698833677e-01 0.000000000000000000e+00 -1.141547562202436161e+01 -6.444198034698833677e-01 -7.646719014687520799e-01 0.000000000000000000e+00 -3.428390338690612715e+00 0.000000000000000000e+00 0.000000000000000000e+00 1.000000000000000000e+00 0.000000000000000000e+00
-5.735713135050476419e-01 8.191556313205045070e-01 0.000000000000000000e+00 -1.116744611561654565e+01 -8.191556313205045070e-01 -5.735713135050476419e-01 0.000000000000000000e+00 -3.499452328671688317e+00 0.000000000000000000e+00 0.000000000000000000e+00 1.000000000000000000e+00 0.000000000000000000e+00
-3.599242537471532555e-01 9.329815279867843536e-01 0.000000000000000000e+00 -1.075805654120933141e+01 -9.329815279867843536e-01 -3.599242537471532555e-01 0.000000000000000000e+00 -3.551362131522318055e+00 0.000000000000000000e+00 0.000000000000000000e+00 1.000000000000000000e+00 0.000000000000000000e+00
-1.417289426073118364e-01 9.899055039888470242e-01 0.000000000000000000e+00 -1.011510636025497156e+01 -9.899055039888470242e-01 -1.417289426073118364e-01 0.000000000000000000e+00 -3.435710031702369438e+00 0.000000000000000000e+00 0.000000000000000000e+00 1.000000000000000000e+00 0.000000000000000000e+00
-4.524642605008602492e-02 9.989758560294107470e-01 0.000000000000000000e+00 -9.501871740727503735e+00 -9.989758560294107470e-01 -4.524642605008602492e-02 0.000000000000000000e+00 -3.494916821702458432e+00 0.000000000000000000e+00 0.000000000000000000e+00 1.000000000000000000e+00 0.000000000000000000e+00
7.467694015643429328e-02 9.972077790555348153e-01 0.000000000000000000e+00 -9.229774394701630413e+00 -9.972077790555348153e-01 7.467694015643429328e-02 0.000000000000000000e+00 -3.540728698955496689e+00 0.000000000000000000e+00 0.000000000000000000e+00 1.000000000000000000e+00 0.000000000000000000e+00
-1.947487030752457493e-01 -9.808531707908731967e-01 0.000000000000000000e+00 -8.737111712174277400e+00 9.808531707908731967e-01 -1.947487030752457493e-01 0.000000000000000000e+00 -3.308484526862316422e+00 0.000000000000000000e+00 0.000000000000000000e+00 1.000000000000000000e+00 0.000000000000000000e+00
